- pose:
    position:
        x: 1.28021
        y: 2.44627
        z: 0
    orientation:
        x: 0
        y: 0
        z: 0.0392322
        w: 0.99923
